bras: 0.49582134559750557
ece: 0.22035178718580656
dice: 0.7099999785423279
f1: 0.6499999761581421
avd: 31.90999984741211
hd95: 5.230000019073486
recall: 0.6200000047683716
