bras: 0.7760962955653667
ece: 0.029336498746805283
dice: 0.7200000286102295
f1: 0.6800000071525574
avd: 22.139999389648438
hd95: 4.460000038146973
recall: 0.6100000143051147
