bras: 0.7745315916836262
ece: 0.031036843327384638
dice: 0.7200000286102295
f1: 0.6600000262260437
avd: 24.68000030517578
hd95: 5.550000190734863
recall: 0.5899999737739563
