bras: 0.8564012174805005
ece: 0.10569983280556965
dice: 0.7300000190734863
f1: 0.699999988079071
avd: 20.719999313354492
hd95: 3.8399999141693115
recall: 0.7300000190734863
