bras: 0.8109414279460907
ece: 0.16871791562824207
dice: 0.7400000095367432
f1: 0.7300000190734863
avd: 20.899999618530273
hd95: 3.6700000762939453
recall: 0.699999988079071
