bras: 0.7674115523695946
ece: 0.034689278721412566
dice: 0.7200000286102295
f1: 0.6600000262260437
avd: 22.09000015258789
hd95: 4.449999809265137
recall: 0.6200000047683716
