bras: 0.8484929191569487
ece: 0.17722458170204458
dice: 0.6899999976158142
f1: 0.6499999761581421
avd: 41.5099983215332
hd95: 5.159999847412109
recall: 0.6299999952316284
