bras: 0.5751366888483365
ece: 0.21843913245126798
dice: 0.7099999785423279
f1: 0.6899999976158142
avd: 27.040000915527344
hd95: 4.369999885559082
recall: 0.6499999761581421
