bras: 0.16342963372881059
ece: 0.49211522744264213
dice: 0.0
f1: 0.9800000190734863
avd: 173276.234375
hd95: 5.650000095367432
recall: 0.8100000023841858
