bras: 0.497611939907074
ece: 0.24500846532333123
dice: 0.7099999785423279
f1: 0.6600000262260437
avd: 34.15999984741211
hd95: 4.940000057220459
recall: 0.6299999952316284
