bras: 0.4675568528473377
ece: 0.23787781730835916
dice: 0.699999988079071
f1: 0.6700000166893005
avd: 37.22999954223633
hd95: 4.650000095367432
recall: 0.6600000262260437
