bras: 0.7282942421734333
ece: 0.05025584083223223
dice: 0.7200000286102295
f1: 0.699999988079071
avd: 22.690000534057617
hd95: 4.079999923706055
recall: 0.6800000071525574
