bras: 0.7640090920031071
ece: 0.03750417894030456
dice: 0.699999988079071
f1: 0.6299999952316284
avd: 24.010000228881836
hd95: 6.699999809265137
recall: 0.5299999713897705
