bras: 0.49738407259186107
ece: 0.2161607902443641
dice: 0.699999988079071
f1: 0.6499999761581421
avd: 30.75
hd95: 4.639999866485596
recall: 0.6399999856948853
