bras: 0.48897307366132736
ece: 0.2536441292259379
dice: 0.6899999976158142
f1: 0.6600000262260437
avd: 38.61000061035156
hd95: 4.889999866485596
recall: 0.6600000262260437
