bras: 0.797034731755654
ece: 0.045902087904864254
dice: 0.7300000190734863
f1: 0.699999988079071
avd: 21.899999618530273
hd95: 4.099999904632568
recall: 0.6700000166893005
